002010203001
000300201000
003001020031
220003000101
110030220100
013010000200
102030120010
200301002001
330010020301
010203010020
111002003002
010230020110
020301010023
012301020301
010203010023
032312000123
020301020302
010102030100
020301000100
010002000001
020201000002
003001000023
030001020031
200100203010
010020010200
100102030102
023030102030
010301020310
010101200100
111020201023
020300202020
111020200002
010203012030
303030102031
100102020102
102010230103
012001230101
012030102301
030201002300
012030130120
102301030120
122203100310
001030103001
000000020000
010200010200
010203010301
010310230102
010201010020
231023012020
000102020203
